0 0 0
0.0309713 0.000221515 8.98197e-09
0.0438 0.00087432 3.85821e-08
0.0536438 0.00193645 9.31077e-08
0.0619426 0.00338106 1.77149e-07
0.0692539 0.00517759 2.95389e-07
0.0758638 0.00729294 4.52426e-07
0.0819423 0.00969263 6.52616e-07
0.0876 0.0123418 8.99948e-07
0.0929138 0.0152059 1.19795e-06
0.0979398 0.0182518 1.54963e-06
0.10272 0.0214479 1.95742e-06
0.107288 0.0247648 2.4232e-06
0.111669 0.0281755 2.94828e-06
0.115884 0.0316553 3.53344e-06
0.119951 0.0351825 4.17896e-06
0.123885 0.0387376 4.88469e-06
0.127698 0.0423037 5.65008e-06
0.1314 0.0458662 6.47423e-06
0.135001 0.0494127 7.35597e-06
0.138508 0.0529329 8.29391e-06
0.141928 0.0564181 9.28644e-06
0.145268 0.0598614 1.03319e-05
0.148533 0.0632573 1.14283e-05
0.151728 0.0666016 1.2574e-05
0.154856 0.0698911 1.3767e-05
0.157923 0.0731238 1.50053e-05
0.160931 0.0762984 1.62872e-05
0.163885 0.0794142 1.76107e-05
0.166785 0.0824711 1.89741e-05
0.169637 0.0854697 2.03757e-05
0.172441 0.0884107 2.18138e-05
0.1752 0.0912955 2.3287e-05
0.177916 0.0941254 2.47936e-05
0.180592 0.096902 2.63323e-05
0.183229 0.0996271 2.79018e-05
0.185828 0.102303 2.95009e-05
0.188391 0.104931 3.11284e-05
0.19092 0.107513 3.27833e-05
0.193416 0.110051 3.44645e-05
0.19588 0.112548 3.61713e-05
0.198313 0.115006 3.79027e-05
0.200717 0.117426 3.9658e-05
0.203092 0.11981 4.14364e-05
0.20544 0.12216 4.32373e-05
0.207762 0.124478 4.506e-05
0.210057 0.126766 4.69041e-05
0.212328 0.129025 4.8769e-05
0.214575 0.131257 5.06542e-05
0.216799 0.133463 5.25593e-05
0.219 0.135645 5.44839e-05
0.221179 0.137805 5.64276e-05
0.223337 0.139944 5.83902e-05
0.225474 0.142062 6.03712e-05
0.227591 0.144161 6.23705e-05
0.229689 0.146243 6.43877e-05
0.231768 0.148308 6.64226e-05
0.233828 0.150358 6.8475e-05
0.23587 0.152392 7.05446e-05
0.237895 0.154413 7.26314e-05
0.239902 0.156421 7.47351e-05
0.241893 0.158417 7.68556e-05
0.243868 0.160402 7.89927e-05
0.245827 0.162376 8.11463e-05
0.24777 0.164341 8.33162e-05
0.249698 0.166296 8.55024e-05
0.251612 0.168242 8.77047e-05
0.253511 0.17018 8.9923e-05
0.255396 0.172111 9.21573e-05
0.257267 0.174035 9.44075e-05
0.259124 0.175952 9.66735e-05
0.260969 0.177863 9.89552e-05
0.2628 0.179769 0.000101252
0.264619 0.181669 0.000103565
0.266425 0.183565 0.000105894
0.268219 0.185456 0.000108238
0.270001 0.187343 0.000110597
0.271772 0.189226 0.000112972
0.273531 0.191105 0.000115362
0.275279 0.192982 0.000117768
0.277016 0.194855 0.000120188
0.278741 0.196726 0.000122624
0.280457 0.198594 0.000125075
0.282162 0.20046 0.000127542
0.283856 0.202324 0.000130023
0.285541 0.204186 0.00013252
0.287216 0.206046 0.000135032
0.288881 0.207905 0.000137558
0.290536 0.209763 0.0001401
0.292182 0.21162 0.000142657
0.293819 0.213476 0.000145229
0.295447 0.215331 0.000147815
0.297066 0.217185 0.000150417
0.298676 0.219039 0.000153033
0.300278 0.220893 0.000155665
0.301871 0.222746 0.000158311
0.303455 0.224599 0.000160972
0.305032 0.226452 0.000163647
0.3066 0.228305 0.000166338
0.30816 0.230158 0.000169043
0.309713 0.232011 0.000171762
0.311257 0.233865 0.000174497
0.312795 0.235719 0.000177245
0.314324 0.237574 0.000180008
0.315846 0.239429 0.000182786
0.317361 0.241285 0.000185578
0.318869 0.243142 0.000188385
0.320369 0.244999 0.000191205
0.321863 0.246857 0.00019404
0.32335 0.248716 0.00019689
0.324829 0.250576 0.000199753
0.326303 0.252437 0.00020263
0.327769 0.254299 0.000205522
0.329229 0.256162 0.000208428
0.330683 0.258027 0.000211347
0.33213 0.259892 0.000214281
0.333571 0.261759 0.000217228
0.335006 0.263627 0.00022019
0.336434 0.265496 0.000223165
0.337857 0.267367 0.000226153
0.339273 0.269239 0.000229156
0.340684 0.271113 0.000232172
0.342089 0.272987 0.000235201
0.343488 0.274864 0.000238245
0.344882 0.276742 0.000241301
0.346269 0.278621 0.000244371
0.347652 0.280502 0.000247454
0.349029 0.282385 0.000250551
0.3504 0.284269 0.000253661
0.351766 0.286154 0.000256784
0.353127 0.288042 0.00025992
0.354482 0.289931 0.000263069
0.355833 0.291821 0.000266232
0.357178 0.293714 0.000269407
0.358518 0.295608 0.000272595
0.359854 0.297504 0.000275796
0.361184 0.299402 0.00027901
0.36251 0.301301 0.000282236
0.36383 0.303202 0.000285475
0.365146 0.305105 0.000288727
0.366457 0.30701 0.000291991
0.367764 0.308916 0.000295267
0.369065 0.310825 0.000298556
0.370363 0.312735 0.000301858
0.371655 0.314647 0.000305171
0.372944 0.316561 0.000308497
0.374227 0.318477 0.000311835
0.375507 0.320394 0.000315185
0.376782 0.322314 0.000318547
0.378053 0.324235 0.000321921
0.379319 0.326159 0.000325307
0.380581 0.328084 0.000328704
0.38184 0.330011 0.000332114
0.383094 0.33194 0.000335535
0.384343 0.333871 0.000338968
0.385589 0.335804 0.000342413
0.386831 0.337739 0.000345869
0.388069 0.339675 0.000349336
0.389303 0.341614 0.000352816
0.390533 0.343555 0.000356307
0.391759 0.345497 0.000359809
0.392981 0.347442 0.000363322
0.3942 0.349388 0.000366847
0.395415 0.351337 0.000370384
0.396626 0.353287 0.000373931
0.397833 0.35524 0.00037749
0.399037 0.357194 0.00038106
0.400237 0.35915 0.000384641
0.401434 0.361108 0.000388234
0.402627 0.363069 0.000391837
0.403816 0.365031 0.000395452
0.405002 0.366995 0.000399078
0.406184 0.368961 0.000402714
0.407364 0.370929 0.000406362
0.408539 0.3729 0.000410021
0.409711 0.374872 0.00041369
0.41088 0.376846 0.000417371
0.412046 0.378822 0.000421062
0.413208 0.3808 0.000424764
0.414367 0.38278 0.000428477
0.415523 0.384762 0.000432201
0.416676 0.386746 0.000435936
0.417825 0.388732 0.000439682
0.418972 0.39072 0.000443438
0.420115 0.39271 0.000447205
0.421255 0.394701 0.000450983
0.422392 0.396695 0.000454771
0.423526 0.398691 0.00045857
0.424657 0.400689 0.00046238
0.425785 0.402689 0.000466201
0.42691 0.40469 0.000470032
0.428032 0.406694 0.000473874
0.429151 0.4087 0.000477727
0.430267 0.410707 0.00048159
0.43138 0.412717 0.000485464
0.43249 0.414729 0.000489348
0.433598 0.416742 0.000493243
0.434703 0.418758 0.000497149
0.435804 0.420775 0.000501065
0.436904 0.422794 0.000504992
0.438 0.424816 0.00050893
0.439094 0.426839 0.000512878
0.440185 0.428864 0.000516836
0.441273 0.430891 0.000520805
0.442358 0.432921 0.000524785
0.443441 0.434952 0.000528775
0.444521 0.436985 0.000532776
0.445599 0.439019 0.000536787
0.446674 0.441056 0.000540809
0.447747 0.443095 0.000544842
0.448816 0.445136 0.000548884
0.449884 0.447178 0.000552938
0.450949 0.449223 0.000557002
0.452011 0.451269 0.000561076
0.453071 0.453318 0.000565161
0.454128 0.455368 0.000569256
0.455183 0.45742 0.000573362
0.456235 0.459474 0.000577478
0.457285 0.46153 0.000581605
0.458333 0.463588 0.000585742
0.459378 0.465648 0.00058989
0.460421 0.46771 0.000594048
0.461462 0.469773 0.000598217
0.4625 0.471839 0.000602396
0.463536 0.473906 0.000606585
0.464569 0.475975 0.000610786
0.4656 0.478046 0.000614996
0.466629 0.480119 0.000619217
0.467656 0.482194 0.000623449
0.46868 0.484271 0.000627691
0.469703 0.486349 0.000631943
0.470723 0.48843 0.000636206
0.47174 0.490512 0.00064048
0.472756 0.492596 0.000644764
0.473769 0.494682 0.000649058
0.474781 0.496769 0.000653363
0.47579 0.498859 0.000657679
0.476797 0.50095 0.000662005
0.477802 0.503044 0.000666342
0.478804 0.505139 0.00067069
0.479805 0.507236 0.000675048
0.480804 0.509334 0.000679417
0.4818 0.511435 0.000683796
0.482794 0.513537 0.000688187
0.483787 0.515641 0.000692587
0.484777 0.517747 0.000696999
0.485765 0.519855 0.000701421
0.486752 0.521965 0.000705854
0.487736 0.524076 0.000710298
0.488719 0.526189 0.000714752
0.489699 0.528304 0.000719217
0.490677 0.530421 0.000723693
0.491654 0.532539 0.00072818
0.492628 0.53466 0.000732678
0.493601 0.536782 0.000737186
0.494572 0.538906 0.000741705
0.49554 0.541031 0.000746235
0.496507 0.543159 0.000750776
0.497472 0.545288 0.000755328
0.498436 0.547419 0.000759891
0.499397 0.549551 0.000764464
0.500356 0.551686 0.000769048
0.501314 0.553822 0.000773643
0.50227 0.55596 0.00077825
0.503224 0.5581 0.000782866
0.504176 0.560241 0.000787494
0.505126 0.562384 0.000792133
0.506075 0.564529 0.000796783
0.507022 0.566676 0.000801444
0.507967 0.568824 0.000806115
0.50891 0.570975 0.000810798
0.509852 0.573126 0.000815491
0.510791 0.57528 0.000820195
0.511729 0.577435 0.000824911
0.512666 0.579592 0.000829637
0.513601 0.581751 0.000834374
0.514533 0.583911 0.000839123
0.515465 0.586074 0.000843882
0.516394 0.588237 0.000848652
0.517322 0.590403 0.000853433
0.518249 0.59257 0.000858225
0.519173 0.594739 0.000863028
0.520096 0.59691 0.000867842
0.521018 0.599082 0.000872668
0.521937 0.601256 0.000877504
0.522855 0.603432 0.000882351
0.523772 0.605609 0.000887208
0.524687 0.607788 0.000892077
0.5256 0.609969 0.000896957
0.526512 0.612151 0.000901848
0.527422 0.614335 0.00090675
0.52833 0.616521 0.000911663
0.529237 0.618709 0.000916586
0.530143 0.620898 0.000921521
0.531047 0.623088 0.000926466
0.531949 0.625281 0.000931422
0.53285 0.627475 0.00093639
0.533749 0.62967 0.000941368
0.534647 0.631868 0.000946357
0.535543 0.634067 0.000951356
0.536438 0.636267 0.000956367
0.537332 0.63847 0.000961389
0.538223 0.640674 0.000966421
0.539114 0.642879 0.000971464
0.540003 0.645086 0.000976518
0.54089 0.647295 0.000981582
0.541776 0.649505 0.000986657
0.542661 0.651717 0.000991743
0.543544 0.653931 0.00099684
0.544425 0.656146 0.00100195
0.545306 0.658363 0.00100707
0.546184 0.660582 0.00101219
0.547062 0.662802 0.00101733
0.547938 0.665024 0.00102248
0.548812 0.667247 0.00102764
0.549686 0.669472 0.00103282
0.550557 0.671699 0.001038
0.551428 0.673927 0.00104319
0.552297 0.676157 0.00104839
0.553165 0.678388 0.00105361
0.554031 0.680621 0.00105883
0.554896 0.682855 0.00106406
0.55576 0.685092 0.00106931
0.556622 0.687329 0.00107457
0.557483 0.689569 0.00107983
0.558343 0.69181 0.00108511
0.559201 0.694052 0.00109039
0.560058 0.696296 0.00109569
0.560914 0.698542 0.001101
0.561768 0.700789 0.00110632
0.562621 0.703038 0.00111164
0.563473 0.705288 0.00111698
0.564324 0.70754 0.00112233
0.565173 0.709794 0.00112769
0.566021 0.712049 0.00113306
0.566867 0.714305 0.00113844
0.567713 0.716563 0.00114383
0.568557 0.718823 0.00114923
0.5694 0.721084 0.00115464
0.570242 0.723347 0.00116006
0.571082 0.725611 0.00116549
0.571921 0.727877 0.00117093
0.572759 0.730145 0.00117639
0.573596 0.732414 0.00118185
0.574432 0.734684 0.00118732
0.575266 0.736956 0.0011928
0.576099 0.73923 0.00119829
0.576931 0.741505 0.00120379
0.577762 0.743781 0.0012093
0.578591 0.746059 0.00121483
0.57942 0.748339 0.00122036
0.580247 0.75062 0.0012259
0.581073 0.752902 0.00123145
0.581897 0.755187 0.00123701
0.582721 0.757472 0.00124258
0.583544 0.759759 0.00124817
0.584365 0.762048 0.00125376
0.585185 0.764338 0.00125936
0.586004 0.766629 0.00126497
0.586822 0.768922 0.00127059
0.587639 0.771217 0.00127622
0.588454 0.773513 0.00128186
0.589269 0.77581 0.00128751
0.590082 0.778109 0.00129317
0.590894 0.780409 0.00129883
0.591705 0.782711 0.00130451
0.592515 0.785014 0.0013102
0.593324 0.787319 0.0013159
0.594132 0.789625 0.0013216
0.594939 0.791932 0.00132732
0.595744 0.794241 0.00133304
0.596549 0.796552 0.00133878
0.597352 0.798863 0.00134452
0.598155 0.801177 0.00135027
0.598956 0.803491 0.00135603
0.599756 0.805807 0.00136181
0.600555 0.808125 0.00136759
0.601353 0.810444 0.00137337
0.60215 0.812764 0.00137917
0.602946 0.815086 0.00138498
0.603741 0.817409 0.0013908
0.604535 0.819733 0.00139662
0.605328 0.822059 0.00140246
0.60612 0.824386 0.0014083
0.606911 0.826715 0.00141415
0.6077 0.829045 0.00142001
0.608489 0.831376 0.00142588
0.609277 0.833709 0.00143176
0.610063 0.836043 0.00143765
0.610849 0.838378 0.00144354
0.611634 0.840715 0.00144945
0.612417 0.843053 0.00145536
0.6132 0.845393 0.00146128
0.613982 0.847733 0.00146721
0.614762 0.850076 0.00147315
0.615542 0.852419 0.0014791
0.616321 0.854764 0.00148505
0.617098 0.85711 0.00149102
0.617875 0.859458 0.00149699
0.618651 0.861807 0.00150297
0.619426 0.864157 0.00150896
0.620199 0.866508 0.00151496
0.620972 0.868861 0.00152097
0.621744 0.871215 0.00152699
0.622515 0.873571 0.00153301
0.623285 0.875927 0.00153905
0.624054 0.878285 0.00154509
0.624822 0.880645 0.00155114
0.625589 0.883005 0.0015572
0.626355 0.885367 0.00156326
0.627121 0.887731 0.00156934
0.627885 0.890095 0.00157543
0.628648 0.892461 0.00158152
0.629411 0.894828 0.00158762
0.630172 0.897196 0.00159373
0.630933 0.899566 0.00159985
0.631693 0.901937 0.00160598
0.632451 0.904309 0.00161211
0.633209 0.906683 0.00161826
0.633966 0.909057 0.00162441
0.634722 0.911433 0.00163057
0.635477 0.913811 0.00163674
0.636232 0.916189 0.00164292
0.636985 0.918569 0.0016491
0.637738 0.92095 0.0016553
0.638489 0.923332 0.0016615
0.63924 0.925715 0.00166772
0.63999 0.9281 0.00167394
0.640739 0.930486 0.00168017
0.641487 0.932873 0.0016864
0.642234 0.935262 0.00169265
0.64298 0.937651 0.00169891
0.643726 0.940042 0.00170517
0.644471 0.942434 0.00171144
0.645214 0.944827 0.00171772
0.645957 0.947222 0.00172401
0.646699 0.949617 0.00173031
0.64744 0.952014 0.00173662
0.648181 0.954412 0.00174293
0.64892 0.956811 0.00174925
0.649659 0.959212 0.00175559
0.650397 0.961613 0.00176193
0.651134 0.964016 0.00176828
0.65187 0.96642 0.00177463
0.652605 0.968825 0.001781
0.65334 0.971231 0.00178738
0.654073 0.973638 0.00179376
0.654806 0.976047 0.00180015
0.655538 0.978456 0.00180655
0.65627 0.980867 0.00181296
0.657 0.983279 0.00181938
0.65773 0.985692 0.00182581
0.658458 0.988106 0.00183224
0.659186 0.990522 0.00183869
0.659914 0.992938 0.00184514
0.66064 0.995355 0.0018516
0.661365 0.997774 0.00185807
0.66209 1.00019 0.00186455
0.662814 1.00261 0.00187103
0.663537 1.00504 0.00187753
0.66426 1.00746 0.00188403
0.664982 1.00988 0.00189054
0.665702 1.01231 0.00189706
0.666422 1.01473 0.00190359
0.667142 1.01716 0.00191013
0.66786 1.01959 0.00191668
0.668578 1.02202 0.00192323
0.669295 1.02445 0.00192979
0.670011 1.02688 0.00193636
0.670727 1.02931 0.00194294
0.671441 1.03175 0.00194953
0.672155 1.03418 0.00195612
0.672868 1.03662 0.00196273
0.673581 1.03905 0.00196934
0.674292 1.04149 0.00197596
0.675003 1.04393 0.00198259
0.675713 1.04637 0.00198922
0.676423 1.04881 0.00199587
0.677132 1.05125 0.00200252
0.677839 1.0537 0.00200918
0.678547 1.05614 0.00201585
0.679253 1.05859 0.00202252
0.679959 1.06103 0.00202921
0.680664 1.06348 0.0020359
0.681368 1.06593 0.0020426
0.682072 1.06837 0.0020493
0.682774 1.07082 0.00205602
0.683477 1.07328 0.00206274
0.684178 1.07573 0.00206947
0.684879 1.07818 0.00207621
0.685578 1.08063 0.00208295
0.686278 1.08309 0.0020897
0.686976 1.08554 0.00209646
0.687674 1.088 0.00210323
0.688371 1.09046 0.00211
0.689067 1.09292 0.00211679
0.689763 1.09538 0.00212357
0.690458 1.09784 0.00213037
0.691152 1.1003 0.00213717
0.691846 1.10276 0.00214398
0.692539 1.10522 0.0021508
0.693231 1.10769 0.00215763
0.693923 1.11015 0.00216446
0.694613 1.11262 0.0021713
0.695303 1.11509 0.00217814
0.695993 1.11755 0.002185
0.696682 1.12002 0.00219186
0.69737 1.12249 0.00219872
0.698057 1.12496 0.0022056
0.698744 1.12743 0.00221248
0.69943 1.12991 0.00221936
0.700115 1.13238 0.00222626
0.7008 1.13485 0.00223316
0.701484 1.13733 0.00224007
0.702167 1.13981 0.00224698
0.70285 1.14228 0.0022539
0.703532 1.14476 0.00226083
0.704214 1.14724 0.00226776
0.704894 1.14972 0.00227471
0.705574 1.1522 0.00228165
0.706254 1.15468 0.00228861
0.706933 1.15716 0.00229557
0.707611 1.15965 0.00230254
0.708288 1.16213 0.00230951
0.708965 1.16462 0.00231649
0.709641 1.1671 0.00232348
0.710317 1.16959 0.00233047
0.710992 1.17208 0.00233747
0.711666 1.17457 0.00234448
0.712339 1.17705 0.0023515
0.713012 1.17955 0.00235852
0.713685 1.18204 0.00236555
0.714356 1.18453 0.00237258
0.715027 1.18702 0.00237962
0.715698 1.18952 0.00238667
0.716368 1.19201 0.00239373
0.717037 1.19451 0.00240079
0.717705 1.197 0.00240786
0.718373 1.1995 0.00241493
0.719041 1.202 0.00242202
0.719707 1.2045 0.00242911
0.720374 1.207 0.0024362
0.721039 1.2095 0.00244331
0.721704 1.212 0.00245042
0.722368 1.2145 0.00245754
0.723032 1.217 0.00246466
0.723695 1.21951 0.0024718
0.724357 1.22201 0.00247894
0.725019 1.22452 0.00248608
0.72568 1.22702 0.00249324
0.726341 1.22953 0.0025004
0.727001 1.23204 0.00250757
0.72766 1.23455 0.00251475
0.728319 1.23706 0.00252193
0.728977 1.23957 0.00252912
0.729635 1.24208 0.00253632
0.730292 1.24459 0.00254353
0.730948 1.24711 0.00255074
0.731604 1.24962 0.00255797
0.73226 1.25213 0.0025652
0.732914 1.25465 0.00257243
0.733568 1.25717 0.00257968
0.734222 1.25968 0.00258693
0.734875 1.2622 0.00259419
0.735527 1.26472 0.00260146
0.736179 1.26724 0.00260873
0.73683 1.26976 0.00261602
0.737481 1.27228 0.00262331
0.738131 1.2748 0.00263061
0.73878 1.27733 0.00263792
0.739429 1.27985 0.00264523
0.740077 1.28237 0.00265255
0.740725 1.2849 0.00265988
0.741372 1.28743 0.00266722
0.742019 1.28995 0.00267456
0.742665 1.29248 0.00268192
0.743311 1.29501 0.00268928
0.743956 1.29754 0.00269665
0.7446 1.30007 0.00270402
0.745244 1.3026 0.00271141
0.745887 1.30513 0.0027188
0.74653 1.30766 0.0027262
0.747172 1.31019 0.0027336
0.747814 1.31273 0.00274102
0.748455 1.31526 0.00274844
0.749095 1.3178 0.00275587
0.749735 1.32033 0.0027633
0.750375 1.32287 0.00277075
0.751014 1.32541 0.0027782
0.751652 1.32795 0.00278566
0.75229 1.33049 0.00279312
0.752927 1.33303 0.0028006
0.753564 1.33557 0.00280808
0.7542 1.33811 0.00281556
0.754836 1.34065 0.00282306
0.755471 1.34319 0.00283056
0.756105 1.34574 0.00283807
0.756739 1.34828 0.00284559
0.757373 1.35083 0.00285311
0.758006 1.35337 0.00286064
0.758638 1.35592 0.00286818
0.75927 1.35846 0.00287572
0.759902 1.36101 0.00288327
0.760532 1.36356 0.00289083
0.761163 1.36611 0.00289839
0.761793 1.36866 0.00290596
0.762422 1.37121 0.00291354
0.763051 1.37376 0.00292112
0.763679 1.37632 0.00292871
0.764307 1.37887 0.00293631
0.764934 1.38142 0.00294391
0.765561 1.38398 0.00295152
0.766187 1.38653 0.00295914
0.766813 1.38909 0.00296676
0.767438 1.39164 0.00297439
0.768063 1.3942 0.00298202
0.768687 1.39676 0.00298966
0.769311 1.39932 0.00299731
0.769934 1.40188 0.00300496
0.770556 1.40444 0.00301262
0.771179 1.407 0.00302029
0.7718 1.40956 0.00302796
0.772421 1.41212 0.00303563
0.773042 1.41468 0.00304332
0.773662 1.41725 0.00305101
0.774282 1.41981 0.0030587
0.774901 1.42237 0.0030664
0.77552 1.42494 0.00307411
0.776138 1.42751 0.00308182
0.776756 1.43007 0.00308954
0.777373 1.43264 0.00309726
0.77799 1.43521 0.00310499
0.778606 1.43778 0.00311273
0.779222 1.44035 0.00312047
0.779837 1.44292 0.00312822
0.780452 1.44549 0.00313598
0.781066 1.44806 0.00314374
0.78168 1.45063 0.0031515
0.782293 1.4532 0.00315927
0.782906 1.45578 0.00316705
0.783518 1.45835 0.00317484
0.78413 1.46092 0.00318263
0.784742 1.4635 0.00319042
0.785352 1.46607 0.00319823
0.785963 1.46865 0.00320604
0.786573 1.47123 0.00321385
0.787182 1.47381 0.00322167
0.787791 1.47638 0.0032295
0.7884 1.47896 0.00323734
0.789008 1.48154 0.00324518
0.789616 1.48412 0.00325302
0.790223 1.4867 0.00326088
0.79083 1.48928 0.00326874
0.791436 1.49187 0.0032766
0.792042 1.49445 0.00328448
0.792647 1.49703 0.00329236
0.793252 1.49961 0.00330024
0.793856 1.5022 0.00330813
0.79446 1.50478 0.00331603
0.795064 1.50737 0.00332394
0.795667 1.50995 0.00333185
0.796269 1.51254 0.00333977
0.796871 1.51513 0.0033477
0.797473 1.51771 0.00335563
0.798074 1.5203 0.00336357
0.798675 1.52289 0.00337151
0.799275 1.52548 0.00337946
0.799875 1.52807 0.00338742
0.800474 1.53066 0.00339539
0.801073 1.53325 0.00340336
0.801672 1.53584 0.00341134
0.80227 1.53843 0.00341932
0.802867 1.54103 0.00342731
0.803464 1.54362 0.00343531
0.804061 1.54621 0.00344331
0.804657 1.54881 0.00345132
0.805253 1.5514 0.00345934
0.805849 1.554 0.00346736
0.806444 1.55659 0.00347539
0.807038 1.55919 0.00348343
0.807632 1.56179 0.00349147
0.808226 1.56438 0.00349952
0.808819 1.56698 0.00350757
0.809412 1.56958 0.00351563
0.810004 1.57218 0.0035237
0.810596 1.57478 0.00353177
0.811187 1.57738 0.00353985
0.811778 1.57998 0.00354793
0.812369 1.58258 0.00355602
0.812959 1.58518 0.00356412
0.813549 1.58778 0.00357222
0.814138 1.59038 0.00358033
0.814727 1.59299 0.00358845
0.815316 1.59559 0.00359657
0.815904 1.59819 0.00360469
0.816491 1.6008 0.00361282
0.817078 1.6034 0.00362096
0.817665 1.60601 0.0036291
0.818252 1.60861 0.00363725
0.818837 1.61122 0.00364541
0.819423 1.61383 0.00365357
0.820008 1.61643 0.00366173
0.820593 1.61904 0.0036699
0.821177 1.62165 0.00367808
0.821761 1.62426 0.00368626
0.822344 1.62687 0.00369445
0.822927 1.62948 0.00370264
0.82351 1.63209 0.00371083
0.824092 1.6347 0.00371904
0.824674 1.63731 0.00372724
0.825255 1.63992 0.00373546
0.825836 1.64253 0.00374368
0.826417 1.64514 0.0037519
0.826997 1.64775 0.00376013
0.827577 1.65037 0.00376836
0.828156 1.65298 0.0037766
0.828735 1.65559 0.00378484
0.829313 1.65821 0.00379309
0.829892 1.66082 0.00380134
0.830469 1.66344 0.0038096
0.831047 1.66605 0.00381786
0.831623 1.66867 0.00382613
0.8322 1.67129 0.0038344
0.832776 1.6739 0.00384268
0.833352 1.67652 0.00385096
0.833927 1.67914 0.00385925
0.834502 1.68175 0.00386754
0.835077 1.68437 0.00387584
0.835651 1.68699 0.00388414
0.836224 1.68961 0.00389245
0.836798 1.69223 0.00390076
0.837371 1.69485 0.00390907
0.837943 1.69747 0.00391739
0.838516 1.70009 0.00392572
0.839087 1.70271 0.00393405
0.839659 1.70533 0.00394239
0.84023 1.70796 0.00395072
0.8408 1.71058 0.00395907
0.841371 1.7132 0.00396742
0.84194 1.71583 0.00397577
0.84251 1.71845 0.00398413
0.843079 1.72107 0.0039925
0.843648 1.7237 0.00400087
0.844216 1.72632 0.00400924
0.844784 1.72895 0.00401762
0.845351 1.73157 0.004026
0.845919 1.7342 0.00403439
0.846485 1.73682 0.00404278
0.847052 1.73945 0.00405118
0.847618 1.74208 0.00405959
0.848183 1.74471 0.004068
0.848749 1.74733 0.00407641
0.849314 1.74996 0.00408483
0.849878 1.75259 0.00409325
0.850442 1.75522 0.00410168
0.851006 1.75785 0.00411012
0.851569 1.76048 0.00411856
0.852132 1.76311 0.004127
0.852695 1.76574 0.00413545
0.853257 1.76837 0.00414391
0.853819 1.771 0.00415237
0.854381 1.77363 0.00416084
0.854942 1.77626 0.00416931
0.855503 1.7789 0.00417779
0.856063 1.78153 0.00418627
0.856623 1.78416 0.00419476
0.857183 1.78679 0.00420326
0.857742 1.78943 0.00421176
0.858301 1.79206 0.00422026
0.85886 1.7947 0.00422878
0.859418 1.79733 0.00423729
0.859976 1.79997 0.00424582
0.860533 1.8026 0.00425435
0.861091 1.80524 0.00426288
0.861647 1.80787 0.00427143
0.862204 1.81051 0.00427997
0.86276 1.81315 0.00428853
0.863316 1.81578 0.00429709
0.863871 1.81842 0.00430565
0.864426 1.82106 0.00431422
0.864981 1.8237 0.0043228
0.865535 1.82633 0.00433138
0.866089 1.82897 0.00433997
0.866643 1.83161 0.00434857
0.867196 1.83425 0.00435717
0.867749 1.83689 0.00436578
0.868301 1.83953 0.0043744
0.868853 1.84217 0.00438302
0.869405 1.84481 0.00439164
0.869957 1.84745 0.00440028
0.870508 1.8501 0.00440891
0.871059 1.85274 0.00441756
0.871609 1.85538 0.00442621
0.872159 1.85802 0.00443487
0.872709 1.86066 0.00444353
0.873258 1.86331 0.0044522
0.873807 1.86595 0.00446088
0.874356 1.86859 0.00446956
0.874904 1.87124 0.00447825
0.875452 1.87388 0.00448694
0.876 1.87653 0.00449564
0.876547 1.87917 0.00450435
0.877094 1.88182 0.00451306
0.877641 1.88446 0.00452178
0.878187 1.88711 0.0045305
0.878733 1.88975 0.00453923
0.879279 1.8924 0.00454797
0.879824 1.89505 0.00455671
0.880369 1.89769 0.00456545
0.880914 1.90034 0.00457421
0.881458 1.90299 0.00458296
0.882002 1.90564 0.00459173
0.882546 1.90829 0.0046005
0.883089 1.91093 0.00460927
0.883632 1.91358 0.00461805
0.884174 1.91623 0.00462684
0.884717 1.91888 0.00463563
0.885259 1.92153 0.00464442
0.8858 1.92418 0.00465322
0.886341 1.92683 0.00466203
0.886882 1.92948 0.00467084
0.887423 1.93213 0.00467966
0.887963 1.93478 0.00468848
0.888503 1.93743 0.00469731
0.889043 1.94008 0.00470614
0.889582 1.94274 0.00471497
0.890121 1.94539 0.00472382
0.89066 1.94804 0.00473266
0.891198 1.95069 0.00474151
0.891736 1.95335 0.00475037
0.892274 1.956 0.00475923
0.892811 1.95865 0.00476809
0.893348 1.96131 0.00477696
0.893885 1.96396 0.00478584
0.894421 1.96661 0.00479471
0.894957 1.96927 0.0048036
0.895493 1.97192 0.00481248
0.896029 1.97458 0.00482137
0.896564 1.97723 0.00483027
0.897098 1.97989 0.00483917
0.897633 1.98254 0.00484808
0.898167 1.9852 0.00485698
0.898701 1.98785 0.0048659
0.899234 1.99051 0.00487481
0.899768 1.99317 0.00488373
0.9003 1.99582 0.00489266
0.900833 1.99848 0.00490159
0.901365 2.00114 0.00491052
0.901897 2.00379 0.00491946
0.902429 2.00645 0.0049284
0.90296 2.00911 0.00493735
0.903491 2.01177 0.0049463
0.904022 2.01443 0.00495525
0.904552 2.01709 0.00496421
0.905082 2.01974 0.00497317
0.905612 2.0224 0.00498213
0.906141 2.02506 0.0049911
0.906671 2.02772 0.00500008
0.907199 2.03038 0.00500905
0.907728 2.03304 0.00501804
0.908256 2.0357 0.00502702
0.908784 2.03836 0.00503601
0.909312 2.04102 0.005045
0.909839 2.04368 0.005054
0.910366 2.04634 0.005063
0.910893 2.04901 0.00507201
0.911419 2.05167 0.00508102
0.911945 2.05433 0.00509003
0.912471 2.05699 0.00509904
0.912996 2.05965 0.00510807
0.913521 2.06232 0.00511709
0.914046 2.06498 0.00512612
0.914571 2.06764 0.00513515
0.915095 2.0703 0.00514419
0.915619 2.07297 0.00515323
0.916143 2.07563 0.00516227
0.916666 2.0783 0.00517132
0.917189 2.08096 0.00518037
0.917712 2.08362 0.00518943
0.918234 2.08629 0.00519849
0.918757 2.08895 0.00520755
0.919278 2.09162 0.00521662
0.9198 2.09428 0.00522569
0.920321 2.09695 0.00523477
0.920842 2.09961 0.00524385
0.921363 2.10228 0.00525293
0.921883 2.10494 0.00526202
0.922403 2.10761 0.00527111
0.922923 2.11028 0.00528021
0.923443 2.11294 0.00528931
0.923962 2.11561 0.00529842
0.924481 2.11827 0.00530753
0.925 2.12094 0.00531664
0.925518 2.12361 0.00532576
0.926036 2.12628 0.00533488
0.926554 2.12894 0.005344
0.927071 2.13161 0.00535313
0.927588 2.13428 0.00536227
0.928105 2.13694 0.0053714
0.928622 2.13961 0.00538055
0.929138 2.14228 0.00538969
0.929654 2.14495 0.00539884
0.93017 2.14762 0.005408
0.930686 2.15029 0.00541716
0.931201 2.15295 0.00542632
0.931716 2.15562 0.00543549
0.93223 2.15829 0.00544466
0.932745 2.16096 0.00545384
0.933259 2.16363 0.00546302
0.933772 2.1663 0.00547221
0.934286 2.16897 0.0054814
0.934799 2.17164 0.00549059
0.935312 2.17431 0.00549979
0.935825 2.17698 0.005509
0.936337 2.17965 0.00551821
0.936849 2.18232 0.00552742
0.937361 2.18499 0.00553664
0.937872 2.18766 0.00554586
0.938384 2.19033 0.00555509
0.938895 2.193 0.00556432
0.939405 2.19567 0.00557356
0.939916 2.19834 0.0055828
0.940426 2.20101 0.00559204
0.940936 2.20368 0.00560129
0.941445 2.20635 0.00561055
0.941955 2.20902 0.00561981
0.942464 2.2117 0.00562908
0.942972 2.21437 0.00563835
0.943481 2.21704 0.00564763
0.943989 2.21971 0.00565691
0.944497 2.22238 0.0056662
0.945005 2.22505 0.00567549
0.945512 2.22772 0.00568479
0.946019 2.2304 0.00569409
0.946526 2.23307 0.0057034
0.947033 2.23574 0.00571271
0.947539 2.23841 0.00572203
0.948045 2.24109 0.00573136
0.948551 2.24376 0.00574069
0.949056 2.24643 0.00575003
0.949561 2.2491 0.00575937
0.950066 2.25178 0.00576872
0.950571 2.25445 0.00577808
0.951075 2.25712 0.00578744
0.95158 2.25979 0.00579681
0.952083 2.26247 0.00580618
0.952587 2.26514 0.00581556
0.95309 2.26781 0.00582495
0.953593 2.27049 0.00583434
0.954096 2.27316 0.00584373
0.954599 2.27583 0.00585314
0.955101 2.27851 0.00586255
0.955603 2.28118 0.00587197
0.956105 2.28385 0.00588139
0.956606 2.28653 0.00589082
0.957108 2.2892 0.00590026
0.957609 2.29188 0.0059097
0.958109 2.29455 0.00591915
0.95861 2.29722 0.0059286
0.95911 2.2999 0.00593806
0.95961 2.30257 0.00594753
0.96011 2.30525 0.00595701
0.960609 2.30792 0.00596649
0.961108 2.3106 0.00597598
0.961607 2.31327 0.00598547
0.962106 2.31595 0.00599497
0.962604 2.31862 0.00600448
0.963102 2.3213 0.00601399
0.9636 2.32397 0.00602351
0.964098 2.32665 0.00603304
0.964595 2.32933 0.00604257
0.965092 2.332 0.00605211
0.965589 2.33468 0.00606166
0.966085 2.33735 0.00607121
0.966582 2.34003 0.00608077
0.967078 2.3427 0.00609033
0.967574 2.34538 0.0060999
0.968069 2.34806 0.00610948
0.968564 2.35073 0.00611906
0.96906 2.35341 0.00612865
0.969554 2.35609 0.00613825
0.970049 2.35876 0.00614785
0.970543 2.36144 0.00615746
0.971037 2.36412 0.00616707
0.971531 2.3668 0.00617669
0.972025 2.36947 0.00618632
0.972518 2.37215 0.00619595
0.973011 2.37483 0.00620559
0.973504 2.37751 0.00621523
0.973996 2.38018 0.00622488
0.974488 2.38286 0.00623454
0.974981 2.38554 0.0062442
0.975472 2.38822 0.00625387
0.975964 2.3909 0.00626354
0.976455 2.39357 0.00627321
0.976946 2.39625 0.0062829
0.977437 2.39893 0.00629258
0.977928 2.40161 0.00630228
0.978418 2.40429 0.00631198
0.978908 2.40697 0.00632168
0.979398 2.40965 0.00633139
